ff WITHOUT TRIMMING, WITH DOUBLE WPMBOOST=20
+-i--+-Sample1--+----Silence----+----Sample2----+-----Total-----+------Dif.-----+
|  0 | 0.93274	| 0.20812	| 1.25914	| 2.40000	|-0.00000	|
|  1 | 1.08744	| 0.57664	| 0.73592	| 2.40000	| 0.00000	|
|  2 | 1.58898	| 0.07964	| 0.73138	| 2.40000	| 0.00000	|
|  3 | 1.19683	| 0.61247	| 0.59070	| 2.40000	| 0.00000	|
|  4 | 1.21002	| 0.39991	| 0.79007	| 2.40000	| 0.00000	|
|  5 | 1.21955	| 0.65283	| 0.52762	| 2.40000	| 0.00000	|
|  6 | 1.20889	| 0.48408	| 0.70703	| 2.40000	| 0.00000	|
|  7 | 1.22440	| 0.52499	| 0.65061	| 2.40000	| 0.00000	|
|  8 | 1.21125	| 0.62236	| 0.56639	| 2.40000	| 0.00000	|
|  9 | 0.02200	| 2.35501	| 0.02299	| 2.40000	|-0.00000	|
| 10 | 0.99841	| 0.95560	| 0.44599	| 2.40000	| 0.00000	|
| 11 | 1.18150	| 0.51995	| 0.69855	| 2.40000	| 0.00000	|
| 12 | 1.40621	| 0.48104	| 0.51274	| 2.40000	| 0.00000	|
| 13 | 1.33701	| 0.67320	| 0.38980	| 2.40000	| 0.00000	|
| 14 | 1.20259	| 0.68059	| 0.51683	| 2.40000	| 0.00000	|
| 15 | 1.32426	| 0.64930	| 0.42644	| 2.40000	| 0.00000	|
| 16 | 1.24172	| 0.54218	| 0.61610	| 2.40000	| 0.00000	|
| 17 | 1.38349	| 0.41900	| 0.59751	| 2.40000	| 0.00000	|
|  9 | 0.02200	| 2.35501	| 0.02299	| 2.40000	|-0.00000	|
+-i--+----------+---------------+---------------+---------------+---------------+



ff WITH TRIMMING, WITH DOUBLE WPMBOOST=20
+-i--+-Sample1--+----Silence----+----Sample2----+-----Total-----+------Dif.-----+
|  0 | 0.38186	| 1.35533	| 0.66281	| 2.40000	| 0.00000	|
|  1 | 0.74580	| 1.28535	| 0.36884	| 2.40000	|-0.00000	|
|  2 | 1.15129	| 0.88776	| 0.36095	| 2.40000	| 0.00000	|
|  3 | 0.90068	| 1.14372	| 0.35560	| 2.40000	| 0.00000	|
|  4 | 0.92594	| 0.96231	| 0.51175	| 2.40000	| 0.00000	|
|  5 | 0.89710	| 1.17673	| 0.32617	| 2.40000	| 0.00000	|
|  6 | 0.76354	| 1.18925	| 0.44721	| 2.40000	| 0.00000	|
|  7 | 0.93660	| 1.06803	| 0.39537	| 2.40000	| 0.00000	|
|  8 | 0.91859	| 1.14531	| 0.33610	| 2.40000	| 0.00000	|
|  9 | 0.00000	| 2.39900	| 0.00100	| 2.40000	| 0.00000	|
| 10 | 0.86603	| 1.23937	| 0.29460	| 2.40000	| 0.00000	|
| 11 | 0.92535	| 0.98567	| 0.48898	| 2.40000	| 0.00000	|
| 12 | 1.16621	| 0.96231	| 0.27147	| 2.40000	| 0.00000	|
| 13 | 1.10308	| 1.06408	| 0.23283	| 2.40000	| 0.00000	|
| 14 | 0.96036	| 1.11243	| 0.32721	| 2.40000	| 0.00000	|
| 15 | 1.06993	| 1.02200	| 0.30807	| 2.40000	| 0.00000	|
| 16 | 1.00136	| 0.98172	| 0.41692	| 2.40000	| 0.00000	|
| 17 | 1.07420	| 0.90467	| 0.42113	| 2.40000	| 0.00000	|
|  9 | 0.00000	| 2.39900	| 0.00100	| 2.40000	| 0.00000	|
+-i--+----------+---------------+---------------+---------------+---------------+


ff WITHOUT TRIMMING, WITH DOUBLE WPMBOOST=0
+-i--+-Sample1--+----Silence----+----Sample2----+-----Total-----+------Dif.-----+
|  0 | 1.17342	|-0.33234	| 1.55891	| 2.40000	| 0.00000	|
|  1 | 1.26912	| 0.27778	| 0.85311	| 2.40000	| 0.00000	|
|  2 | 1.82753	|-0.27565	| 0.84812	| 2.40000	| 0.00000	|
|  3 | 1.31188	| 0.41170	| 0.67642	| 2.40000	| 0.00000	|
|  4 | 1.36626	| 0.17370	| 0.86005	| 2.40000	| 0.00000	|
|  5 | 1.34100	| 0.47601	| 0.58299	| 2.40000	| 0.00000	|
|  6 | 1.37528	| 0.19565	| 0.82907	| 2.40000	| 0.00000	|
|  7 | 1.37637	| 0.26785	| 0.75578	| 2.40000	| 0.00000	|
|  8 | 1.37084	| 0.37420	| 0.65497	| 2.40000	|-0.00000	|
|  9 | 0.02200	| 2.35501	| 0.02299	| 2.40000	|-0.00000	|
| 10 | 1.10009	| 0.80844	| 0.49147	| 2.40000	| 0.00000	|
| 11 | 1.30186	| 0.30866	| 0.78948	| 2.40000	|-0.00000	|
| 12 | 1.57138	| 0.23755	| 0.59107	| 2.40000	| 0.00000	|
| 13 | 1.47057	| 0.48331	| 0.44612	| 2.40000	| 0.00000	|
| 14 | 1.30685	| 0.52327	| 0.56989	| 2.40000	| 0.00000	|
| 15 | 1.44649	| 0.48893	| 0.46458	| 2.40000	| 0.00000	|
| 16 | 1.33610	| 0.37497	| 0.68893	| 2.40000	| 0.00000	|
| 17 | 1.47029	| 0.30113	| 0.62857	| 2.40000	| 0.00000	|
|  9 | 0.02200	| 2.35501	| 0.02299	| 2.40000	|-0.00000	|
+-i--+----------+---------------+---------------+---------------+---------------+


ff WITH TRIMMING, WITH DOUBLE WPMBOOST=0
+-i--+-Sample1--+----Silence----+----Sample2----+-----Total-----+------Dif.-----+
|  0 | 0.46109	| 1.14517	| 0.79374	| 2.40000	| 0.00000	|
|  1 | 0.85129	| 1.14227	| 0.40644	| 2.40000	|-0.00000	|
|  2 | 1.30358	| 0.69846	| 0.39796	| 2.40000	| 0.00000	|
|  3 | 0.96553	| 1.03859	| 0.39587	| 2.40000	| 0.00000	|
|  4 | 1.03315	| 0.83356	| 0.53329	| 2.40000	| 0.00000	|
|  5 | 0.96644	| 1.09388	| 0.33968	| 2.40000	| 0.00000	|
|  6 | 0.85923	| 1.02744	| 0.51333	| 2.40000	|-0.00000	|
|  7 | 1.03034	| 0.92404	| 0.44562	| 2.40000	| 0.00000	|
|  8 | 1.02893	| 0.99111	| 0.37995	| 2.40000	| 0.00000	|
|  9 | 0.00000	| 2.39900	| 0.00100	| 2.40000	| 0.00000	|
| 10 | 0.94041	| 1.14766	| 0.31193	| 2.40000	| 0.00000	|
| 11 | 1.00635	| 0.84889	| 0.54476	| 2.40000	| 0.00000	|
| 12 | 1.28562	| 0.81075	| 0.30363	| 2.40000	| 0.00000	|
| 13 | 1.20141	| 0.93796	| 0.26063	| 2.40000	| 0.00000	|
| 14 | 1.02576	| 1.02821	| 0.34603	| 2.40000	| 0.00000	|
| 15 | 1.15556	| 0.92327	| 0.32118	| 2.40000	| 0.00000	|
| 16 | 1.05651	| 0.88785	| 0.45565	| 2.40000	| 0.00000	|
| 17 | 1.12163	| 0.85224	| 0.42612	| 2.40000	| 0.00000	|
|  9 | 0.00000	| 2.39900	| 0.00100	| 2.40000	| 0.00000	|
+-i--+----------+---------------+---------------+---------------+---------------+

