
ff+100low MBROLA voice [MEANBPM,DOUBLE,TRIM]
+-i--+-Sample1--+----Silence----+----Sample2----+-----Total-----+------Dif.-----+
|  0 | 0.26250	| 1.58650	| 0.55100	| 2.40000	| 0.00000	|
|  1 | 0.66000	| 1.27275	| 0.46725	| 2.40000	| 0.00000	|
|  2 | 1.28625	| 0.64775	| 0.46600	| 2.40000	| 0.00000	|
|  3 | 1.03625	| 0.86025	| 0.50350	| 2.40000	| 0.00000	|
|  4 | 1.28625	| 0.25400	| 0.85975	| 2.40000	| 0.00000	|
|  5 | 1.42500	| 0.61525	| 0.35975	| 2.40000	| 0.00000	|
|  6 | 1.05500	| 0.88400	| 0.46100	| 2.40000	| 0.00000	|
|  7 | 1.03750	| 0.89025	| 0.47225	| 2.40000	| 0.00000	|
|  8 | 1.45500	| 0.38650	| 0.55850	| 2.40000	| 0.00000	|
|  9 | 0.00000	| 2.39900	| 0.00100	| 2.40000	| 0.00000	|
| 10 | 0.93625	| 1.04275	| 0.42100	| 2.40000	| 0.00000	|
| 11 | 1.44875	| 0.11400	| 0.83725	| 2.40000	| 0.00000	|
| 12 | 1.66625	| 0.26150	| 0.47225	| 2.40000	| 0.00000	|
| 13 | 1.46000	| 0.56775	| 0.37225	| 2.40000	| 0.00000	|
| 14 | 1.46750	| 0.45775	| 0.47475	| 2.40000	| 0.00000	|
| 15 | 1.49375	| 0.59650	| 0.30975	| 2.40000	| 0.00000	|
| 16 | 1.53625	| 0.20150	| 0.66225	| 2.40000	|-0.00000	|
| 17 | 1.49875	| 0.49150	| 0.40975	| 2.40000	| 0.00000	|
|  9 | 0.00000	| 2.39900	| 0.00100	| 2.40000	| 0.00000	|
+-i--+----------+---------------+---------------+---------------+---------------+


ff+100BPM espeak voice [MEANBPM,DOUBLE,TRIM]
+-i--+-Sample1--+----Silence----+----Sample2----+-----Total-----+------Dif.-----+
|  0 | 0.32290	| 1.53551	| 0.54159	| 2.40000	| 0.00000	|
|  1 | 0.88345	| 1.09560	| 0.42095	| 2.40000	| 0.00000	|
|  2 | 1.34059	| 0.64390	| 0.41551	| 2.40000	| 0.00000	|
|  3 | 1.30975	| 0.52508	| 0.56517	| 2.40000	| 0.00000	|
|  4 | 1.45397	| 0.21034	| 0.73569	| 2.40000	| 0.00000	|
|  5 | 1.38141	| 0.52327	| 0.49533	| 2.40000	| 0.00000	|
|  6 | 1.04036	| 0.75365	| 0.60599	| 2.40000	| 0.00000	|
|  7 | 1.21088	| 0.61306	| 0.57605	| 2.40000	| 0.00000	|
|  8 | 1.56463	| 0.29197	| 0.54340	| 2.40000	| 0.00000	|
|  9 | 0.00000	| 2.39900	| 0.00100	| 2.40000	| 0.00000	|
| 10 | 1.16825	| 0.79810	| 0.43365	| 2.40000	| 0.00000	|
| 11 | 1.57098	|-0.02005	| 0.84907	| 2.40000	| 0.00000	|
| 12 | 1.83401	| 0.16590	| 0.40009	| 2.40000	| 0.00000	|
| 13 | 1.59365	| 0.48789	| 0.31846	| 2.40000	| 0.00000	|
| 14 | 1.68980	| 0.21941	| 0.49079	| 2.40000	| 0.00000	|
| 15 | 1.51020	| 0.49878	| 0.39102	| 2.40000	| 0.00000	|
| 16 | 1.67166	| 0.02621	| 0.70213	| 2.40000	| 0.00000	|
| 17 | 1.46667	| 0.37905	| 0.55429	| 2.40000	|-0.00000	|
|  9 | 0.00000	| 2.39900	| 0.00100	| 2.40000	| 0.00000	|
+-i--+----------+---------------+---------------+---------------+---------------+
